<?xml version="1.0"?>
<opencv_storage>
<image_width>1600</image_width>
<image_height>1200</image_height>
<camera_matrix type_id="opencv-matrix">
  <rows>3</rows>
  <cols>3</cols>
  <dt>d</dt>
  <data>
    1.7443808403471601e+03 0. 800. 0. 1.7478706599326019e+03 600. 0. 0.
    1.</data></camera_matrix>
<distortion_coefficients type_id="opencv-matrix">
  <rows>1</rows>
  <cols>5</cols>
  <dt>d</dt>
  <data>
    9.1670150547219664e-02 -1.1831134696160222e+00 0. 0.
    4.1920283631957647e+00</data></distortion_coefficients>
</opencv_storage>
